49,52
49,51
49,50
49,49
49,48
49,47
49,46
49,45
49,44
49,43
49,42
49,41
49,40
49,39
49,38
49,37
49,36
49,35
3,2
3,1
3,3
10,24
10,30
10,242
10,108
10,200
10,146
10,86
10,120
11,4
11,16
9,4
9,6
8,15
8,6
8,7
8,12
8,2
8,3
40,3
40,2
40,1
40,0
39,5
39,4
39,3
39,2
39,1
39,0
38,4
38,3
38,2
38,1
38,0
37,4
37,3
37,2
37,1
37,0
36,4
36,3
36,2
36,1
36,0
35,3
35,2
35,1
35,0
20,3
20,2
20,1
19,3
19,2
19,1
18,3
18,1
14,3
14,1
13,3
13,1
12,3
12,2
12,1
11,29
11,27
11,24
11,23
11,22
11,21
11,18
11,15
11,14
11,13
11,11
11,10
11,9
11,7
11,6
11,5
